%YAML 1.1
%TAG !u! tag:unity3d.com,2011:
--- !u!49 &4900000
TextAsset:
  m_ObjectHideFlags: 0
  m_CorrespondingSourceObject: {fileID: 0}
  m_PrefabInstance: {fileID: 0}
  m_PrefabAsset: {fileID: 0}
  m_Name: States
  m_Script: 
0;0;3;0;0;0;3;0;0;0;0;0;0;0;0;0;0;0;0;0;0;0;0;0;0;1;0;2;3;0;3;0;0;0;0;0;0;0;0;0;0;0;0;0;0;0;0;0;0;0;0;0;0;0;0;True
0;0;0;0;0;0;0;0;0;0;0;0;0;0;0;3;0;0;0;3;0;0;0;0;0;1;0;0;0;0;0;0;0;0;0;0;0;0;0;0;0;3;0;0;2;0;0;0;0;0;0;3;0;0;0;True
0;0;0;3;3;0;2;0;0;0;0;0;0;0;2;0;0;0;0;0;0;3;0;0;0;1;0;0;0;0;0;0;0;0;0;0;0;0;0;0;0;0;0;0;0;0;0;0;0;0;0;0;0;0;0;True
0;0;0;0;0;0;0;2;0;0;0;2;0;0;0;0;0;0;0;0;0;0;0;0;0;1;0;0;0;0;3;0;0;0;0;0;0;0;2;0;0;0;0;0;0;0;0;0;0;0;0;3;0;0;0;False
0;0;0;0;0;0;0;3;0;2;0;0;0;0;0;0;0;0;0;0;2;0;0;0;0;1;0;0;0;0;3;0;0;0;0;0;0;1;0;0;0;0;0;0;0;0;0;0;0;0;2;0;0;0;0;True
0;0;0;0;0;0;2;0;0;0;0;0;0;0;0;0;2;0;0;0;0;0;0;0;0;1;0;3;0;0;0;0;0;0;0;0;0;0;3;0;0;0;0;0;3;0;0;0;0;0;0;0;0;0;0;False
2;0;0;0;0;0;2;0;0;0;0;0;0;2;0;0;0;0;0;0;0;0;0;1;0;1;0;0;0;0;0;0;3;0;0;0;0;0;2;0;0;0;0;0;0;0;0;0;0;0;0;0;0;0;0;True
0;0;0;0;0;0;0;0;0;0;0;0;0;0;0;0;0;3;0;0;0;0;0;0;0;1;3;0;0;3;0;0;0;3;3;0;0;0;0;0;0;0;0;0;0;0;0;0;0;0;0;0;0;0;0;False
